wavelength,response
0.32500000,0.00003871
0.32600000,0.00017577
0.32700000,0.00064949
0.32800000,0.00196691
0.32900000,0.00501083
0.33000000,0.01094581
0.33100000,0.02070354
0.33200000,0.03469679
0.33300000,0.05253193
0.33400000,0.07353884
0.33500000,0.09603523
0.33600000,0.11877577
0.33700000,0.14227858
0.33800000,0.16555765
0.33900000,0.18856914
0.34000000,0.20977704
0.34100000,0.22881615
0.34200000,0.24387676
0.34300000,0.25168300
0.34400000,0.25202805
0.34500000,0.24623711
0.34600000,0.23660706
0.34700000,0.22417719
0.34800000,0.20922786
0.34900000,0.19453029
0.35000000,0.18464862
0.35100000,0.17930576
0.35200000,0.17827131
0.35300000,0.18139062
0.35400000,0.18781571
0.35500000,0.19698856
0.35600000,0.20836893
0.35700000,0.21881676
0.35800000,0.22739315
0.35900000,0.23269568
0.36000000,0.23526237
0.36100000,0.23523678
0.36200000,0.23262222
0.36300000,0.23011920
0.36400000,0.22696330
0.36500000,0.22396513
0.36600000,0.22085195
0.36700000,0.21714126
0.36800000,0.21334415
0.36900000,0.20920548
0.37000000,0.20435162
0.37100000,0.19966272
0.37200000,0.19404754
0.37300000,0.18848349
0.37400000,0.18320848
0.37500000,0.17831821
0.37600000,0.17389031
0.37700000,0.16963529
0.37800000,0.16579269
0.37900000,0.16314999
0.38000000,0.16214392
0.38100000,0.16297062
0.38200000,0.16571096
0.38300000,0.16996124
0.38400000,0.17609880
0.38500000,0.18405916
0.38600000,0.19423830
0.38700000,0.20635601
0.38800000,0.22065710
0.38900000,0.23711672
0.39000000,0.25435219
0.39100000,0.27219088
0.39200000,0.29090288
0.39300000,0.30972058
0.39400000,0.32895721
0.39500000,0.34761739
0.39600000,0.36611542
0.39700000,0.38381492
0.39800000,0.40057747
0.39900000,0.41703331
0.40000000,0.43217582
0.40100000,0.44572467
0.40200000,0.45857735
0.40300000,0.47116507
0.40400000,0.48219723
0.40500000,0.49246916
0.40600000,0.50241340
0.40700000,0.51109703
0.40800000,0.51914395
0.40900000,0.52668233
0.41000000,0.53346585
0.41100000,0.54022284
0.41200000,0.54643008
0.41300000,0.55152848
0.41400000,0.55599585
0.41500000,0.56056955
0.41600000,0.56477809
0.41700000,0.56862241
0.41800000,0.57231206
0.41900000,0.57541420
0.42000000,0.57830270
0.42100000,0.58111425
0.42200000,0.58350951
0.42300000,0.58630447
0.42400000,0.58836754
0.42500000,0.58990416
0.42600000,0.59186904
0.42700000,0.59404709
0.42800000,0.59585617
0.42900000,0.59735854
0.43000000,0.59902208
0.43100000,0.60048030
0.43200000,0.60194749
0.43300000,0.60378444
0.43400000,0.60561965
0.43500000,0.60757856
0.43600000,0.60931626
0.43700000,0.61038333
0.43800000,0.61187300
0.43900000,0.61347142
0.44000000,0.61530149
0.44100000,0.61705192
0.44200000,0.61877026
0.44300000,0.62049185
0.44400000,0.62183082
0.44500000,0.62321352
0.44600000,0.62412473
0.44700000,0.62467705
0.44800000,0.62570039
0.44900000,0.62675414
0.45000000,0.62699258
0.45100000,0.62704502
0.45200000,0.62777604
0.45300000,0.62802496
0.45400000,0.62783005
0.45500000,0.62786388
0.45600000,0.62776880
0.45700000,0.62725073
0.45800000,0.62700275
0.45900000,0.62712624
0.46000000,0.62702807
0.46100000,0.62703815
0.46200000,0.62698886
0.46300000,0.62680736
0.46400000,0.62696670
0.46500000,0.62757489
0.46600000,0.62803181
0.46700000,0.62796939
0.46800000,0.62803452
0.46900000,0.62881523
0.47000000,0.62919543
0.47100000,0.62940582
0.47200000,0.63043677
0.47300000,0.63122725
0.47400000,0.63164770
0.47500000,0.63220665
0.47600000,0.63304891
0.47700000,0.63397247
0.47800000,0.63449655
0.47900000,0.63458717
0.48000000,0.63463678
0.48100000,0.63555864
0.48200000,0.63548633
0.48300000,0.63505917
0.48400000,0.63503156
0.48500000,0.63534173
0.48600000,0.63559811
0.48700000,0.63580063
0.48800000,0.63564970
0.48900000,0.63544967
0.49000000,0.63528585
0.49100000,0.63494396
0.49200000,0.63426732
0.49300000,0.63388159
0.49400000,0.63381727
0.49500000,0.63406473
0.49600000,0.63375460
0.49700000,0.63335237
0.49800000,0.63294024
0.49900000,0.63204810
0.50000000,0.63146280
0.50100000,0.63130087
0.50200000,0.63173612
0.50300000,0.63127881
0.50400000,0.63082807
0.50500000,0.63078819
0.50600000,0.63062713
0.50700000,0.63086084
0.50800000,0.63051989
0.50900000,0.62985859
0.51000000,0.63012407
0.51100000,0.63044382
0.51200000,0.63018886
0.51300000,0.62951728
0.51400000,0.63012769
0.51500000,0.63017983
0.51600000,0.62988458
0.51700000,0.62978229
0.51800000,0.62949186
0.51900000,0.62959818
0.52000000,0.63000772
0.52100000,0.62990443
0.52200000,0.62931264
0.52300000,0.62852991
0.52400000,0.62800583
0.52500000,0.62766446
0.52600000,0.62699355
0.52700000,0.62627471
0.52800000,0.62541842
0.52900000,0.62437410
0.53000000,0.62334795
0.53100000,0.62299949
0.53200000,0.62259248
0.53300000,0.62225968
0.53400000,0.62206172
0.53500000,0.62122139
0.53600000,0.62073443
0.53700000,0.62025465
0.53800000,0.61994945
0.53900000,0.62002433
0.54000000,0.62016875
0.54100000,0.62015641
0.54200000,0.62009468
0.54300000,0.61974851
0.54400000,0.61959437
0.54500000,0.61995548
0.54600000,0.62080022
0.54700000,0.62169643
0.54800000,0.62190302
0.54900000,0.62229136
0.55000000,0.62268864
0.55100000,0.62267394
0.55200000,0.62248865
0.55300000,0.62335184
0.55400000,0.62343944
0.55500000,0.62295143
0.55600000,0.62252483
0.55700000,0.62193022
0.55800000,0.62101599
0.55900000,0.61994464
0.56000000,0.61932737
0.56100000,0.61805551
0.56200000,0.61741991
0.56300000,0.61624729
0.56400000,0.61536973
0.56500000,0.61427933
0.56600000,0.61304573
0.56700000,0.61232040
0.56800000,0.61120048
0.56900000,0.60942147
0.57000000,0.60858727
0.57100000,0.60704912
0.57200000,0.60588459
0.57300000,0.60518727
0.57400000,0.60531307
0.57500000,0.60526859
0.57600000,0.60589473
0.57700000,0.60706513
0.57800000,0.60915119
0.57900000,0.61086365
0.58000000,0.61328775
0.58100000,0.61648561
0.58200000,0.61935639
0.58300000,0.62346637
0.58400000,0.62726565
0.58500000,0.63076648
0.58600000,0.63354631
0.58700000,0.63713215
0.58800000,0.63951217
0.58900000,0.64172202
0.59000000,0.64320269
0.59100000,0.64330632
0.59200000,0.64263731
0.59300000,0.64304374
0.59400000,0.64234172
0.59500000,0.64121785
0.59600000,0.64030833
0.59700000,0.63737198
0.59800000,0.63471495
0.59900000,0.63125312
0.60000000,0.62785608
0.60100000,0.62513057
0.60200000,0.62081851
0.60300000,0.61780674
0.60400000,0.61582656
0.60500000,0.61362541
0.60600000,0.61250321
0.60700000,0.61155035
0.60800000,0.61180017
0.60900000,0.61240429
0.61000000,0.61316916
0.61100000,0.61503203
0.61200000,0.61645868
0.61300000,0.61905981
0.61400000,0.62193020
0.61500000,0.62557965
0.61600000,0.62951922
0.61700000,0.63368227
0.61800000,0.63790393
0.61900000,0.64364511
0.62000000,0.64953038
0.62100000,0.65445781
0.62200000,0.65932095
0.62300000,0.66217275
0.62400000,0.66423683
0.62500000,0.66653498
0.62600000,0.66801099
0.62700000,0.66906394
0.62800000,0.66894754
0.62900000,0.66852880
0.63000000,0.66686646
0.63100000,0.66518531
0.63200000,0.66319266
0.63300000,0.65964983
0.63400000,0.65574179
0.63500000,0.65092913
0.63600000,0.64642799
0.63700000,0.64082131
0.63800000,0.63515701
0.63900000,0.62795022
0.64000000,0.62066761
0.64100000,0.61305879
0.64200000,0.60546537
0.64300000,0.59722784
0.64400000,0.58827224
0.64500000,0.57869983
0.64600000,0.56921524
0.64700000,0.56013453
0.64800000,0.54984621
0.64900000,0.53889206
0.65000000,0.52838153
0.65100000,0.51722653
0.65200000,0.50529576
0.65300000,0.49259340
0.65400000,0.47839670
0.65500000,0.46236659
0.65600000,0.44445734
0.65700000,0.42351790
0.65800000,0.39981068
0.65900000,0.37201222
0.66000000,0.34120456
0.66100000,0.30684254
0.66200000,0.27023131
0.66300000,0.23219212
0.66400000,0.19455867
0.66500000,0.15848437
0.66600000,0.12529335
0.66700000,0.09593041
0.66800000,0.07102248
0.66900000,0.05082246
0.67000000,0.03515593
0.67100000,0.02355479
0.67200000,0.01527467
0.67300000,0.00966653
0.67400000,0.00599667
0.67500000,0.00370522
0.67600000,0.00233209
0.67700000,0.00154197
0.67800000,0.00110159
0.67900000,0.00086100
0.68000000,0.00072891
0.68100000,0.00065376
0.68200000,0.00060687
0.68300000,0.00057387
0.68400000,0.00054732
0.68500000,0.00052402
0.68600000,0.00044110
0.68700000,0.00037847
0.68800000,0.00033836
0.68900000,0.00031083
0.69000000,0.00028495
0.69100000,0.00025823
0.69200000,0.00023212
0.69300000,0.00019369
0.69400000,0.00015130
0.69500000,0.00011361
0.69600000,0.00007829
0.69700000,0.00005445
0.69800000,0.00003959
0.69900000,0.00002814
0.70000000,0.00002026
0.70100000,0.00001562
0.70200000,0.00001196
0.70300000,0.00000969
0.70400000,0.00000831
0.70500000,0.00000609
0.70600000,0.00000513
0.70700000,0.00000526
0.70800000,0.00000418
0.70900000,0.00000410
0.71000000,0.00000426
0.71100000,0.00000415
0.71200000,0.00000389
0.71300000,0.00000374
0.71400000,0.00000353
0.71500000,0.00000289
0.71600000,0.00000276
0.71700000,0.00000226
0.71800000,0.00000177
0.71900000,0.00000134
0.72000000,0.00000099
0.72100000,0.00000089
0.72200000,0.00000081
0.72300000,0.00000063
0.72400000,0.00000053
0.72500000,0.00000042
0.72600000,0.00000034
0.72700000,0.00000024
0.72800000,0.00000020
0.72900000,0.00000026
0.73000000,0.00000013
0.73100000,0.00000016
0.73200000,0.00000010
0.73300000,0.00000013
0.73400000,0.00000009
0.73500000,0.00000012
0.73600000,0.00000001
0.73700000,0.00000007
0.73800000,0.00000007
0.73900000,0.00000004
0.74000000,0.00000001
0.74100000,0.00000006
0.74200000,0.00000001
0.74300000,0.00000002
0.74400000,0.00000003
0.74500000,0.00000013
0.74600000,0.00000008
0.74700000,0.00000004
0.74800000,0.00000003
0.74900000,0.00000005
0.75000000,0.00000002
